bag: 0.6078708383373858
ball1: 0.3395041595729144
ball2: 0.1353896094985499
basketball: 0.6008110489648215
birds1: 0.40656317742560755
birds2: 0.5856135849843641
blanket: 0.20246401499794056
bmx: 0.5817876690541579
bolt1: 0.503737287079883
bolt2: 0.523675582481234
book: 0.35987974646360155
butterfly: 0.32947651918756227
car1: 0.7192319990713267
car2: 0.4922490994466693
crossing: 0.5251709146110413
dinosaur: 0.5011600031389604
fernando: 0.36869958901391153
fish1: 0.03833972102741175
fish2: 0.3755279714478601
fish3: 0.6523166953873026
fish4: 0.2338800009417572
girl: 0.5694095282042182
glove: 0.14823286306367633
godfather: 0.0911366036390685
graduate: 0.6978712722507947
gymnastics1: 0.6507855970638834
gymnastics2: 0.6058176192844998
gymnastics3: 0.4083764148169332
gymnastics4: 0.5944626768723259
hand: 0.08657779720678009
handball1: 0.20343729641187763
handball2: 0.3014234095374137
helicopter: 0.21876459988687558
iceskater1: 0.616108105880397
iceskater2: 0.42104611445683643
leaves: 0.001771944262225297
marching: 0.26092325037416253
matrix: 0.046160301363546805
motocross1: 0.44966446550807676
motocross2: 0.3406242765393228
nature: 0.5292701175163058
octopus: 0.6743451477137455
pedestrian1: 0.5542893409774923
pedestrian2: 0.7379360402435414
rabbit: 0.00021607668653657693
racing: 0.764692326122591
road: 0.5801274275561896
shaking: 0.11053945207093316
sheep: 0.6068142756272813
singer1: 0.6394274245345266
singer2: 0.7026751637532983
singer3: 0.151308856465397
soccer1: 0.09242591183389615
soccer2: 0.569242944887496
soldier: 0.31234356855473133
sphere: 0.41063266684211813
tiger: 0.13008473266760961
traffic: 0.53061041784449
tunnel: 0.5280856949674653
wiper: 0.33705944313814595
