Average: 0.20523231192449978
bag: 0.46983176880790933
ball1: 0.0
ball2: 0.0
basketball: 0.4301429578020207
birds1: 0.40632358373015415
birds2: 0.0
blanket: 0.0
bmx: 0.6445042364656399
bolt1: 0.31317189839217663
bolt2: 0.16172778668883495
book: 0.001562452383104679
butterfly: 0.21612141922133457
car1: 0.5542895732104688
car2: 0.060216145673682324
crossing: 0.0007878317600746796
dinosaur: 0.13844564705461426
fernando: 0.13766613361787008
fish1: 0.010541884640825602
fish2: 0.019235188328991317
fish3: 0.4103328204195744
fish4: 0.04274290183126452
girl: 0.47177349693859316
glove: 0.031139672202332262
godfather: 0.003956006639832846
graduate: 0.2715477549671365
gymnastics1: 0.4335759230614106
gymnastics2: 0.09709454886578188
gymnastics3: 0.026106924581291827
gymnastics4: 0.006684819313317626
hand: 0.0011406572503136665
handball1: 0.06396275075653486
handball2: 0.007720809881678002
helicopter: 0.018380266928755443
iceskater1: 0.6387695905295706
iceskater2: 0.3787846910735619
leaves: 0.0
marching: 0.0007235613223757719
matrix: 0.010969121488571295
motocross1: 0.4422125192713924
motocross2: 0.3037197593308248
nature: 0.022743273459055486
octopus: 0.5724486863734608
pedestrian1: 0.5742856784807598
pedestrian2: 0.7405500556494569
rabbit: 0.00018886383708254626
racing: 0.7435219428523778
road: 0.5516392120087399
shaking: 0.0442463787320765
sheep: 0.011048176921514299
singer1: 0.14279690568334588
singer2: 0.5842475528515584
singer3: 0.18493409749527343
soccer1: 0.041792124261279276
soccer2: 0.004698327125673746
soldier: 0.12210011227960559
sphere: 0.06194953440915289
tiger: 0.02345075884265417
traffic: 0.0
tunnel: 0.4319252315422932
wiper: 0.22946469823281088
