Average: 0.3773539600764122
bag: 0.47210909832644726
ball1: 0.10489412361177589
ball2: 0.01968759353660599
basketball: 0.658432787239042
birds1: 0.41397964539851695
birds2: 0.6138320619512763
blanket: 0.18188162424570992
bmx: 0.6582125426406513
bolt1: 0.643136102552304
bolt2: 0.5667312118255678
book: 0.16956848505514718
butterfly: 0.2175166359839938
car1: 0.7227355934534719
car2: 0.1292966751871406
crossing: 0.6059558512367549
dinosaur: 0.27305156814709564
fernando: 0.5714453777843026
fish1: 0.010541884640825602
fish2: 0.05868245443503812
fish3: 0.4116119017036954
fish4: 0.04605607976707805
girl: 0.7381954472863175
glove: 0.059604671232371474
godfather: 0.13777450123875856
graduate: 0.6651926919345097
gymnastics1: 0.6496981743083295
gymnastics2: 0.5805053581833753
gymnastics3: 0.38653636019392895
gymnastics4: 0.6650557943568722
hand: 0.0808369341776927
handball1: 0.22925119543244438
handball2: 0.2639650963363072
helicopter: 0.1560130896598674
iceskater1: 0.6395539090457246
iceskater2: 0.5844498264221879
leaves: 0.0
marching: 0.26388479755913047
matrix: 0.05669248502336115
motocross1: 0.44927965641952383
motocross2: 0.29455647358824844
nature: 0.5475603649345746
octopus: 0.5884946717619437
pedestrian1: 0.6389420761140221
pedestrian2: 0.7399028766237007
rabbit: 0.00021607668653657693
racing: 0.765155737134693
road: 0.5581901388942538
shaking: 0.11358794316731172
sheep: 0.6172006602000086
singer1: 0.612334547639468
singer2: 0.6812222153365551
singer3: 0.16942577877947607
soccer1: 0.07966220360939875
soccer2: 0.48969279114242503
soldier: 0.12212306841040095
sphere: 0.17705323474611992
tiger: 0.035476793574512444
traffic: 0.5577088760390355
tunnel: 0.43570889570859617
wiper: 0.26117289296030466
