Average: 0.4409966163350798
bag: 0.5535620483750847
ball1: 0.5713192535427717
ball2: 0.3576927711831324
basketball: 0.6233089945836643
birds1: 0.48187323236347956
birds2: 0.5880090535653182
blanket: 0.20374866068069952
bmx: 0.6604495755963398
bolt1: 0.5051453576359098
bolt2: 0.20666285943841844
book: 0.5763648706568048
butterfly: 0.5350536836262437
car1: 0.727316339827315
car2: 0.43973541347701295
crossing: 0.5788669787293633
dinosaur: 0.2534919750770485
fernando: 0.27678990677863613
fish1: 0.2791454903785479
fish2: 0.541389539153871
fish3: 0.7569568423790807
fish4: 0.26087596380589867
girl: 0.4814249881951466
glove: 0.4121440630337963
godfather: 0.10669643708009584
graduate: 0.6953335301409633
gymnastics1: 0.39802974306431066
gymnastics2: 0.6077548780946866
gymnastics3: 0.43575251818063865
gymnastics4: 0.5983959707121728
hand: 0.15768097533983502
handball1: 0.272383439509233
handball2: 0.3326262316850088
helicopter: 0.34389469656431676
iceskater1: 0.6374744442064025
iceskater2: 0.3837621154283472
leaves: 0.0781540917461475
marching: 0.3229392749358861
matrix: 0.11123500157598822
motocross1: 0.38372235121457093
motocross2: 0.4156383810696007
nature: 0.41057784451984675
octopus: 0.7590231311060976
pedestrian1: 0.571639694972859
pedestrian2: 0.7407952054567123
rabbit: 0.020219585185802573
racing: 0.6603107675315731
road: 0.6190309594078738
shaking: 0.1061447725142773
sheep: 0.5305780365733888
singer1: 0.41800598731225186
singer2: 0.7120627866726111
singer3: 0.19946856580276304
soccer1: 0.24114051199265893
soccer2: 0.5748727344348492
soldier: 0.3251381643487952
sphere: 0.5471037685203731
tiger: 0.12225082171599415
traffic: 0.555775546954042
tunnel: 0.762500515643408
wiper: 0.4303556368068266
